Zip,LongTerm
77084,-84897.23648715467
77036,-110397.2364871547
77077,-236497.23648715465
77095,-140197.2364871547
77082,-93497.23648715467
77057,-485597.2364871547
77007,-332297.2364871546
77070,-118497.23648715467
77081,-312397.2364871546
77063,-276397.2364871546
77042,-310197.2364871546
77072,-52897.23648715469
77015,-54697.23648715469
77008,-358197.2364871546
77040,-96497.23648715467
77089,-99397.23648715467
77339,-128197.23648715467
77088,-50297.23648715469
77099,-60697.23648715469
77090,-97097.23648715467
77024,-986197.2364871546
77004,-226697.23648715465
77080,-175197.2364871547
77055,-383597.2364871547
77044,-114097.2364871547
77060,-43497.23648715468
77096,-277397.2364871546
77035,-182897.2364871547
77054,-194897.23648715467
77092,-169897.2364871547
77074,-93797.23648715467
77006,-420197.2364871547
77056,-807797.2364871546
77073,-72797.23648715469
77079,-406297.2364871547
77025,-369997.2364871546
77034,-63397.23648715469
77093,-22497.23648715468
77019,-517297.2364871547
77075,-87797.23648715467
77598,-99497.23648715467
77018,-322697.2364871546
77041,-104497.23648715467
77014,-77697.23648715467
77027,-719797.2364871547
77087,-48897.23648715469
77021,-45297.23648715469
77049,-81397.23648715467
77047,-78197.23648715467
77091,-49597.23648715469
77017,-41197.23648715468
77067,-53097.23648715469
77066,-77897.23648715467
77005,-931197.2364871547
77071,-84397.23648715467
77016,-21597.23648715468
77062,-143997.2364871547
77045,-38297.23648715468
77058,-144697.2364871547
77098,-541297.2364871547
77043,-230097.23648715465
77033,-8997.236487154685
77345,-217597.23648715465
77061,-84697.23648715467
77053,-39297.23648715468
77020,-24397.236487154678
77038,-49497.23648715469
77069,-184697.2364871547
77086,-56197.23648715469
77030,-693997.2364871547
77051,-17497.23648715468
77031,-88797.23648715467
77028,-1997.236487154685
77048,-39797.23648715468
77013,-40297.23648715468
77029,-12097.236487154685
77059,-221597.23648715465
77002,-347797.2364871546
77037,-39097.23648715468
77085,-67097.23648715469
77003,-216297.23648715465
77078,-19997.23648715468
77068,-132097.2364871547
77032,-39797.23648715468
77094,-294497.2364871546
77050,-35797.23648715468
