Zip,Current
77084,164300.0
77036,189800.0
77077,315900.0
77095,219600.0
77082,172900.0
77057,565000.0
77007,411700.0
77070,197900.0
77081,391800.0
77063,355800.0
77042,389600.0
77072,132300.0
77015,134100.0
77008,437600.0
77040,175900.0
77089,178800.0
77339,207600.0
77088,129700.0
77099,140100.0
77090,176500.0
77024,1065600.0
77004,306100.0
77080,254600.0
77055,463000.0
77044,193500.0
77060,122900.0
77096,356800.0
77035,262300.0
77054,274300.0
77092,249300.0
77074,173200.0
77006,499600.0
77056,887200.0
77073,152200.0
77079,485700.0
77025,449400.0
77034,142800.0
77093,101900.0
77019,596700.0
77075,167200.0
77598,178900.0
77018,402100.0
77041,183900.0
77014,157100.0
77027,799200.0
77087,128300.0
77021,124700.0
77049,160800.0
77047,157600.0
77091,129000.0
77017,120600.0
77067,132500.0
77066,157300.0
77005,1010600.0
77071,163800.0
77016,101000.0
77062,223400.0
77045,117700.0
77058,224100.0
77098,620700.0
77043,309500.0
77033,88400.0
77345,297000.0
77061,164100.0
77053,118700.0
77020,103800.0
77038,128900.0
77069,264100.0
77086,135600.0
77030,773400.0
77051,96900.0
77031,168200.0
77028,81400.0
77048,119200.0
77013,119700.0
77029,91500.0
77059,301000.0
77002,427200.0
77037,118500.0
77085,146500.0
77003,295700.0
77078,99400.0
77068,211500.0
77032,119200.0
77094,373900.0
77050,115200.0
