Zip,MidTerm
77084,-84965.42930506293
77036,-110465.42930506293
77077,-236565.4293050629
77095,-140265.42930506292
77082,-93565.42930506293
77057,-485665.429305063
77007,-332365.429305063
77070,-118565.42930506293
77081,-312465.429305063
77063,-276465.4293050629
77042,-310265.429305063
77072,-52965.429305062935
77015,-54765.429305062935
77008,-358265.429305063
77040,-96565.42930506293
77089,-99465.42930506293
77339,-128265.42930506293
77088,-50365.429305062935
77099,-60765.429305062935
77090,-97165.42930506293
77024,-986265.4293050629
77004,-226765.4293050629
77080,-175265.42930506292
77055,-383665.429305063
77044,-114165.42930506293
77060,-43565.42930506293
77096,-277465.4293050629
77035,-182965.42930506292
77054,-194965.42930506292
77092,-169965.42930506292
77074,-93865.42930506293
77006,-420265.429305063
77056,-807865.4293050629
77073,-72865.42930506293
77079,-406365.429305063
77025,-370065.429305063
77034,-63465.429305062935
77093,-22565.429305062928
77019,-517365.429305063
77075,-87865.42930506293
77598,-99565.42930506293
77018,-322765.429305063
77041,-104565.42930506293
77014,-77765.42930506293
77027,-719865.4293050629
77087,-48965.429305062935
77021,-45365.429305062935
77049,-81465.42930506293
77047,-78265.42930506293
77091,-49665.429305062935
77017,-41265.42930506293
77067,-53165.429305062935
77066,-77965.42930506293
77005,-931265.4293050629
77071,-84465.42930506293
77016,-21665.429305062928
77062,-144065.42930506292
77045,-38365.42930506293
77058,-144765.42930506292
77098,-541365.4293050629
77043,-230165.4293050629
77033,-9065.42930506293
77345,-217665.4293050629
77061,-84765.42930506293
77053,-39365.42930506293
77020,-24465.429305062928
77038,-49565.429305062935
77069,-184765.42930506292
77086,-56265.429305062935
77030,-694065.4293050629
77051,-17565.429305062928
77031,-88865.42930506293
77028,-2065.4293050629285
77048,-39865.42930506293
77013,-40365.42930506293
77029,-12165.42930506293
77059,-221665.4293050629
77002,-347865.429305063
77037,-39165.42930506293
77085,-67165.42930506293
77003,-216365.4293050629
77078,-20065.429305062928
77068,-132165.42930506292
77032,-39865.42930506293
77094,-294565.4293050629
77050,-35865.42930506293
