Zip,ShortTerm
77084,-84703.29121236342
77036,-110203.29121236342
77077,-236303.2912123634
77095,-140003.29121236343
77082,-93303.29121236342
77057,-485403.2912123634
77007,-332103.2912123634
77070,-118303.29121236342
77081,-312203.2912123634
77063,-276203.2912123634
77042,-310003.2912123634
77072,-52703.29121236342
77015,-54503.29121236342
77008,-358003.2912123634
77040,-96303.29121236342
77089,-99203.29121236342
77339,-128003.29121236342
77088,-50103.29121236342
77099,-60503.29121236342
77090,-96903.29121236342
77024,-986003.2912123635
77004,-226503.2912123634
77080,-175003.2912123634
77055,-383403.2912123634
77044,-113903.29121236342
77060,-43303.29121236342
77096,-277203.2912123634
77035,-182703.2912123634
77054,-194703.2912123634
77092,-169703.29121236343
77074,-93603.29121236342
77006,-420003.2912123634
77056,-807603.2912123635
77073,-72603.29121236342
77079,-406103.2912123634
77025,-369803.2912123634
77034,-63203.29121236342
77093,-22303.291212363427
77019,-517103.2912123634
77075,-87603.29121236342
77598,-99303.29121236342
77018,-322503.2912123634
77041,-104303.29121236342
77014,-77503.29121236342
77027,-719603.2912123635
77087,-48703.29121236342
77021,-45103.29121236342
77049,-81203.29121236342
77047,-78003.29121236342
77091,-49403.29121236342
77017,-41003.29121236342
77067,-52903.29121236342
77066,-77703.29121236342
77005,-931003.2912123635
77071,-84203.29121236342
77016,-21403.291212363427
77062,-143803.29121236343
77045,-38103.29121236342
77058,-144503.29121236343
77098,-541103.2912123634
77043,-229903.2912123634
77033,-8803.291212363425
77345,-217403.2912123634
77061,-84503.29121236342
77053,-39103.29121236342
77020,-24203.291212363427
77038,-49303.29121236342
77069,-184503.2912123634
77086,-56003.29121236342
77030,-693803.2912123634
77051,-17303.291212363427
77031,-88603.29121236342
77028,-1803.2912123634258
77048,-39603.29121236342
77013,-40103.29121236342
77029,-11903.291212363425
77059,-221403.2912123634
77002,-347603.2912123634
77037,-38903.29121236342
77085,-66903.29121236342
77003,-216103.2912123634
77078,-19803.291212363427
77068,-131903.29121236343
77032,-39603.29121236342
77094,-294303.2912123634
77050,-35603.29121236342
